2 100
2576 2685
0 50 77 43 53 86 85
1 73 39 51 89 -24 32
2 70 9 31 86 43 -40
3 28 79 95 70 69 10
4 18 83 10 26 -37 -3
5 53 10 60 7 69 37
6 49 30 2 63 80 48
7 32 7 39 63 25 55
8 85 77 11 3 1 -35
9 97 28 46 63 -49 -10
10 97 24 46 17 35 59
11 19 14 58 83 16 -20
12 64 60 7 63 64 67
13 9 93 100 84 85 92
14 53 100 98 8 8 -40
15 30 56 22 7 89 56
16 90 11 44 96 21 67
17 2 62 16 88 96 84
18 24 25 62 60 67 -45
19 89 89 38 80 87 57
20 67 100 29 55 10 36
21 42 71 11 57 -4 16
22 23 79 18 21 -31 18
23 81 39 46 34 32 -19
24 27 45 51 1 83 -8
25 57 95 56 52 -8 53
26 3 24 62 37 37 74
27 58 78 51 12 37 93
28 51 61 40 33 11 -15
29 25 88 40 58 63 34
30 46 87 63 23 -11 20
31 85 53 44 63 -20 -33
32 70 20 94 22 -41 78
33 37 7 44 100 82 58
34 55 43 74 18 0 42
35 47 18 84 100 38 88
36 17 2 14 23 -48 88
37 75 9 21 53 -13 50
38 49 61 22 90 91 -32
39 90 56 70 82 75 34
40 77 53 15 95 26 96
41 36 93 74 61 39 63
42 35 17 79 60 25 49
43 74 43 24 50 -36 -49
44 74 35 47 28 -24 -38
45 64 45 12 85 54 -43
46 74 5 41 85 79 -31
47 36 17 33 45 85 -29
48 31 81 75 70 -16 69
49 23 47 75 95 -3 -26
50 59 99 68 30 31 14
51 71 89 90 80 65 50
52 44 94 67 85 85 94
53 43 30 34 91 -31 65
54 9 7 89 24 79 39
55 52 40 14 68 -24 74
56 94 89 80 84 72 51
57 68 69 92 55 -49 -9
58 96 44 81 23 2 84
59 84 69 81 58 96 -42
60 89 33 82 5 -25 9
61 97 78 36 43 39 -13
62 31 35 79 65 -19 -1
63 28 70 64 6 43 -20
64 44 99 88 88 -17 -35
65 8 33 28 52 -3 -29
66 43 89 51 87 89 -47
67 14 17 8 67 9 -21
68 84 58 80 23 89 32
69 26 69 48 38 68 15
70 76 16 51 90 32 85
71 63 69 58 70 4 9
72 26 85 9 4 -48 69
73 70 48 28 28 22 -32
74 6 57 60 52 -4 -28
75 18 40 64 63 -46 -1
76 55 19 31 94 20 -3
77 76 67 27 95 30 -10
78 60 60 61 18 29 -34
79 76 51 57 87 -17 94
80 58 43 32 70 6 71
81 7 55 68 57 -47 -40
82 61 12 19 29 -23 -23
83 56 79 85 11 -1 -10
84 52 99 65 79 -20 -6
85 15 40 79 54 61 -13
86 50 27 29 61 51 69
87 53 58 61 40 3 82
88 100 13 90 71 16 37
89 3 8 99 80 33 32
90 94 33 28 7 61 -7
91 35 93 13 56 -27 18
92 39 53 97 24 -19 98
93 70 19 77 23 73 -38
94 24 40 45 38 90 20
95 46 95 43 64 40 90
96 97 63 17 68 -32 -5
97 70 36 44 49 77 11
98 83 65 43 81 -2 -41
99 90 53 52 18 79 -17
