2 100
1080 1031
0 60 14 15 16 31 100
1 16 16 64 54 85 4
2 100 38 12 87 13 87
3 9 15 3 86 3 63
4 15 62 88 92 -4 0
5 37 48 41 93 -7 -24
6 9 69 23 18 -37 -46
7 93 68 86 41 -14 70
8 65 43 8 35 -37 70
9 15 64 34 50 89 -50
10 38 92 94 60 53 -40
11 39 50 68 34 -44 64
12 14 36 67 19 23 -1
13 68 74 29 99 64 -50
14 69 64 1 46 54 5
15 5 47 17 40 -42 -40
16 90 92 57 69 63 49
17 55 94 90 30 71 48
18 45 46 20 71 2 30
19 85 69 99 20 -49 -17
20 76 30 12 92 -2 82
21 35 57 81 35 53 70
22 18 43 13 75 19 2
23 38 81 99 94 6 26
24 11 90 9 38 -19 45
25 13 75 41 75 89 43
26 75 15 51 27 -15 16
27 91 18 58 8 -19 84
28 49 83 41 26 -35 64
29 77 36 8 32 -43 9
30 24 50 69 80 98 21
31 67 54 69 58 31 -31
32 80 9 19 28 -10 52
33 29 28 41 69 7 98
34 2 94 5 45 9 -22
35 57 39 74 56 -46 50
36 44 5 75 4 -5 98
37 38 36 70 97 35 32
38 12 72 89 92 -38 32
39 4 35 30 16 36 100
40 85 49 58 1 100 -21
41 56 77 73 46 -44 18
42 2 90 21 55 18 -33
43 53 15 54 17 20 83
44 28 35 33 92 13 -50
45 38 79 93 77 8 -28
46 75 15 33 61 -14 85
47 27 43 76 22 5 58
48 21 2 41 83 13 92
49 5 91 100 88 98 45
50 55 46 75 19 -42 89
51 39 42 38 79 -47 0
52 30 91 7 9 63 50
53 59 99 11 79 45 -24
54 44 76 19 65 54 58
55 22 25 95 45 -2 23
56 26 76 62 48 49 12
57 58 87 14 48 38 6
58 52 37 2 9 -37 -21
59 37 85 37 35 95 92
60 72 13 17 84 17 76
61 39 95 41 62 98 -47
62 52 63 17 66 45 91
63 79 13 51 52 74 62
64 41 55 30 41 78 83
65 89 85 31 28 9 37
66 72 22 41 24 49 33
67 2 36 65 50 10 -48
68 73 46 8 72 1 81
69 82 25 23 25 49 25
70 89 67 84 24 -18 76
71 17 99 46 100 24 -42
72 2 62 98 75 23 -1
73 53 46 51 56 92 -34
74 98 74 87 36 -23 97
75 58 83 29 62 88 -8
76 3 10 23 26 -4 -15
77 66 92 70 83 17 26
78 14 37 67 75 -18 76
79 21 30 95 21 48 72
80 31 72 77 26 -49 39
81 4 26 87 61 -17 -8
82 68 95 24 100 53 87
83 13 82 58 12 -37 36
84 18 30 68 39 33 61
85 94 80 31 88 26 16
86 64 27 41 72 42 -28
87 30 89 92 55 -27 44
88 25 59 93 64 100 97
89 96 94 3 5 -4 4
90 61 82 94 94 -48 -14
91 41 13 25 89 100 99
92 77 85 13 10 62 54
93 82 44 21 63 -45 13
94 27 76 35 83 66 23
95 89 22 33 19 -45 -48
96 46 45 7 32 -35 -50
97 27 86 51 58 86 -46
98 22 1 37 22 55 -6
99 63 27 25 15 19 34
