2 100
3774 4129
0 8 1 73 48 94 -50
1 32 77 71 92 75 -47
2 8 43 17 91 90 -42
3 43 15 42 25 43 42
4 98 12 3 51 -20 12
5 28 22 53 13 23 27
6 2 4 92 54 -13 70
7 21 2 42 24 98 -15
8 71 83 54 41 46 29
9 16 72 78 91 22 -37
10 70 95 88 50 -20 12
11 3 36 91 56 37 53
12 27 100 29 67 22 -14
13 17 77 36 14 93 73
14 81 49 17 55 76 83
15 66 43 79 48 92 -12
16 60 44 10 43 27 19
17 7 24 91 47 5 51
18 34 67 14 92 60 27
19 63 28 54 7 -36 10
20 19 59 73 28 60 28
21 47 34 92 46 74 30
22 61 53 16 78 -24 7
23 45 8 93 94 15 -10
24 48 71 32 81 94 -44
25 21 44 47 8 47 53
26 58 85 42 60 19 30
27 14 94 32 52 -48 52
28 77 1 78 62 30 -39
29 97 100 91 50 88 34
30 63 20 45 24 -38 -19
31 11 73 8 18 -45 18
32 83 6 10 38 32 74
33 49 27 79 80 5 56
34 41 73 97 27 37 -20
35 5 14 15 19 3 53
36 92 38 98 87 -50 20
37 44 55 56 93 40 -18
38 89 25 54 35 -45 -29
39 91 50 48 5 -6 -18
40 64 89 7 66 36 66
41 35 23 92 34 37 -41
42 94 72 72 42 -13 10
43 4 75 51 2 -17 -19
44 40 15 52 98 -1 5
45 25 27 93 90 27 54
46 66 53 82 20 78 4
47 27 6 48 9 20 75
48 100 13 51 77 3 43
49 4 33 61 48 13 99
50 38 76 90 48 68 75
51 86 37 69 63 66 -36
52 10 99 68 54 72 52
53 17 87 38 10 100 56
54 90 4 76 65 -21 75
55 39 94 13 77 46 49
56 2 30 50 19 -16 61
57 29 82 91 51 27 9
58 75 80 43 89 -15 -9
59 63 72 33 68 6 28
60 52 16 72 56 67 62
61 62 88 70 100 87 78
62 80 40 28 33 10 38
63 20 5 59 4 65 80
64 60 78 50 46 34 92
65 96 53 86 87 88 82
66 97 47 17 94 -33 -38
67 22 1 27 32 58 43
68 81 70 22 30 6 69
69 1 7 96 17 -23 65
70 68 24 26 42 -22 -17
71 6 84 95 60 -34 -41
72 86 57 70 6 65 56
73 83 10 37 52 -41 74
74 5 44 10 74 52 42
75 78 36 15 98 -19 44
76 72 1 1 1 10 15
77 44 35 20 44 -13 68
78 89 77 100 20 -11 100
79 89 24 22 85 38 86
80 79 66 43 57 67 85
81 3 40 14 72 43 72
82 42 30 69 96 -4 44
83 24 85 56 42 -44 79
84 81 53 30 9 9 -22
85 2 63 1 18 30 -29
86 34 13 82 78 66 11
87 49 43 80 53 -30 17
88 83 84 20 43 40 84
89 70 77 57 45 92 71
90 35 35 43 70 -26 99
91 48 4 31 71 68 63
92 15 50 94 83 -50 3
93 1 73 72 19 61 41
94 71 96 89 52 52 7
95 32 35 27 77 -5 -1
96 78 25 81 99 -18 15
97 66 19 8 10 94 42
98 56 58 5 76 29 -36
99 88 80 72 86 -13 67
