2 25
211 258
0 90 51 100 23 36 78
1 6 79 77 19 -1 -30
2 62 49 15 30 -48 66
3 40 59 17 7 50 -2
4 11 2 38 76 29 85
5 39 11 19 64 61 37
6 6 50 42 95 3 -9
7 8 41 100 98 -4 -31
8 26 15 73 65 97 16
9 68 56 90 62 50 35
10 64 13 22 8 15 71
11 13 65 16 50 18 -39
12 28 7 22 33 44 42
13 8 68 43 6 -24 12
14 10 99 35 54 -22 92
15 97 92 77 34 -20 -3
16 54 23 92 64 -24 -16
17 85 1 41 63 -26 94
18 44 14 34 49 45 44
19 78 29 79 94 -13 -42
20 60 23 44 92 -47 69
21 48 98 72 43 34 -39
22 35 36 87 13 -13 23
23 14 74 94 52 -50 85
24 34 1 2 95 -37 36
