2 25
1148 892
0 28 10 27 38 80 15
1 44 45 32 28 -45 81
2 65 55 100 69 64 -8
3 23 68 72 87 19 64
4 68 78 38 60 -16 92
5 46 97 24 24 1 -3
6 60 66 91 73 -40 37
7 44 89 39 4 93 12
8 31 70 22 13 20 51
9 88 55 76 77 21 0
10 72 15 73 64 10 29
11 56 58 30 61 51 41
12 32 83 17 20 25 28
13 93 35 23 41 29 50
14 1 29 53 5 19 -40
15 53 18 43 44 51 42
16 54 80 19 85 68 26
17 84 85 66 29 21 73
18 20 82 6 27 70 55
19 13 76 31 9 -10 26
20 53 1 41 13 95 79
21 21 76 80 100 -44 -32
22 3 86 62 62 15 42
23 44 35 8 56 29 85
24 59 43 55 26 4 -47
