2 25
515 516
0 55 51 53 25 50 95
1 39 1 47 85 -18 -22
2 62 81 80 1 93 36
3 47 57 66 33 47 -35
4 11 27 17 41 93 21
5 48 3 28 21 46 64
6 72 45 52 46 40 49
7 56 97 50 62 27 26
8 20 4 71 46 55 -10
9 53 7 60 44 70 -8
10 81 66 9 97 79 67
11 33 34 74 77 -26 18
12 39 1 92 4 23 53
13 13 47 45 37 9 50
14 79 47 46 53 -4 97
15 66 19 67 25 58 98
16 93 21 64 79 -19 41
17 55 82 38 36 16 72
18 80 43 53 34 -11 63
19 99 13 61 48 17 17
20 32 63 71 17 95 83
21 52 73 12 12 78 32
22 47 44 63 22 -12 11
23 76 65 69 16 31 12
24 51 39 29 71 -32 26
