2 50
2199 2286
0 2 28 33 55 41 98
1 15 100 35 26 -37 -25
2 55 66 62 95 50 -50
3 40 91 16 1 40 -16
4 67 74 58 81 -49 86
5 59 14 54 24 64 62
6 75 91 64 13 10 59
7 40 27 38 78 -12 92
8 51 87 93 76 89 43
9 90 24 86 33 39 49
10 53 83 64 66 77 1
11 24 22 46 94 70 27
12 43 89 37 46 61 76
13 48 84 3 21 30 50
14 23 85 50 7 68 81
15 53 99 63 91 90 -3
16 95 75 11 62 40 27
17 69 70 36 14 14 74
18 11 89 70 42 -15 86
19 64 89 58 98 81 54
20 1 27 64 92 57 15
21 47 22 93 61 82 77
22 27 70 4 53 -14 43
23 48 96 9 91 14 -39
24 85 78 6 31 -13 86
25 51 81 66 99 -30 75
26 20 4 79 98 -13 -24
27 24 65 78 40 83 92
28 59 23 39 58 70 37
29 35 8 14 51 1 -18
30 46 61 55 34 36 66
31 25 31 97 17 17 33
32 34 64 71 7 -14 72
33 59 61 11 38 33 31
34 13 70 91 45 24 97
35 73 30 67 77 71 -29
36 53 53 74 92 30 15
37 61 19 55 92 51 24
38 33 79 57 58 -9 65
39 52 48 53 75 7 29
40 54 5 3 28 65 -23
41 68 39 57 92 -6 48
42 19 6 51 68 -2 -9
43 81 87 69 77 96 -6
44 48 4 29 84 -44 27
45 18 60 66 27 10 60
46 22 4 7 79 -4 17
47 78 73 93 33 63 -11
48 2 85 4 89 -31 -32
49 46 9 68 48 36 81
