2 50
1327 1269
0 31 85 13 58 46 15
1 72 22 23 51 38 -3
2 9 10 32 44 35 90
3 84 65 38 25 -31 86
4 33 53 88 66 -24 93
5 80 52 56 4 -20 72
6 60 51 61 22 -43 21
7 22 98 74 7 -32 37
8 92 19 21 27 31 79
9 33 36 80 59 4 52
10 57 59 37 25 19 44
11 96 98 6 69 -28 14
12 27 62 74 92 43 29
13 91 67 82 93 -14 7
14 36 21 99 50 -37 96
15 92 27 61 14 -28 63
16 19 69 71 65 -25 93
17 61 78 70 8 8 49
18 26 84 90 84 68 82
19 81 36 78 92 15 -33
20 66 44 46 30 -45 30
21 68 33 98 66 27 43
22 74 53 68 57 83 48
23 3 54 52 83 84 58
24 72 23 7 95 80 -14
25 48 36 89 97 -21 98
26 92 35 79 30 77 5
27 1 39 73 66 42 97
28 54 76 88 15 74 59
29 15 29 64 84 48 -38
30 68 90 11 29 11 -40
31 22 38 24 47 59 52
32 68 99 91 33 -7 87
33 15 82 51 72 -7 50
34 81 47 20 73 100 -33
35 56 37 70 62 100 49
36 39 67 56 3 -30 -36
37 96 91 66 66 82 79
38 80 74 52 7 93 -37
39 30 47 50 32 -7 -48
40 94 67 20 77 -28 89
41 5 42 33 7 71 -16
42 93 95 21 90 -31 38
43 37 31 56 68 23 -9
44 2 75 24 91 49 -15
45 63 64 37 31 -42 53
46 7 3 89 37 67 44
47 71 58 51 60 34 -45
48 98 27 65 1 39 84
49 17 6 50 74 36 33
