2 50
500 540
0 19 39 39 80 -30 69
1 45 44 53 45 -4 10
2 100 87 71 55 1 67
3 51 75 91 58 -10 -18
4 28 19 31 36 75 5
5 36 66 12 69 -26 -24
6 35 83 43 99 52 3
7 38 92 83 57 71 -44
8 63 27 92 30 40 30
9 22 44 93 28 94 -37
10 35 83 95 55 46 21
11 72 84 31 62 -39 6
12 58 48 15 75 -19 32
13 4 65 38 10 22 66
14 94 68 25 33 81 65
15 58 3 52 22 -43 84
16 51 70 7 14 79 60
17 11 88 58 56 -29 -48
18 93 3 81 53 56 -18
19 9 64 92 61 76 94
20 95 4 44 87 99 55
21 88 73 89 91 22 -49
22 72 86 43 9 74 76
23 15 86 63 48 100 48
24 18 61 15 7 53 27
25 65 96 97 90 53 39
26 45 49 81 34 46 88
27 49 13 84 85 -33 35
28 64 100 81 33 53 55
29 62 8 14 42 0 78
30 1 21 67 86 89 0
31 36 45 54 100 -34 75
32 64 33 54 23 -35 66
33 43 30 54 71 -13 -12
34 9 17 41 10 14 -25
35 63 36 97 33 13 29
36 71 60 46 92 -23 81
37 43 74 64 80 30 35
38 6 17 29 11 -6 20
39 90 32 29 24 52 86
40 48 51 94 32 -34 51
41 10 33 80 85 -25 -11
42 47 55 23 98 22 -29
43 73 5 52 44 23 -39
44 8 41 86 98 4 48
45 48 60 4 48 98 22
46 61 11 69 93 -49 86
47 20 15 34 48 34 -40
48 46 89 35 55 66 -10
49 43 48 96 44 16 95
