2 75
791 721
0 98 9 53 64 58 -40
1 88 83 97 95 98 95
2 68 94 87 22 -25 51
3 24 6 23 87 25 55
4 69 13 47 62 -31 -1
5 17 88 75 78 -19 58
6 7 3 96 32 63 75
7 70 59 48 100 70 14
8 70 10 59 46 -1 13
9 9 79 48 58 42 70
10 69 36 75 73 68 54
11 24 6 53 80 -31 -7
12 97 35 3 74 -35 71
13 24 87 74 13 -36 -18
14 31 16 28 56 -19 -11
15 37 49 98 41 70 -41
16 91 16 94 55 26 24
17 8 68 53 74 27 -42
18 14 19 1 93 65 64
19 71 26 44 84 -5 49
20 43 39 50 27 47 73
21 28 89 14 14 5 23
22 24 87 91 91 80 77
23 54 75 6 41 59 67
24 68 83 28 80 73 -22
25 94 56 69 84 17 46
26 67 100 74 48 -46 -17
27 78 96 12 93 38 77
28 56 9 40 44 -34 5
29 93 62 97 2 78 21
30 13 69 17 82 95 49
31 59 5 33 17 -15 28
32 24 70 55 81 5 23
33 62 37 48 42 -33 82
34 65 64 27 69 12 88
35 39 55 20 72 -4 -49
36 38 19 96 21 19 1
37 34 59 37 87 59 32
38 86 76 51 74 50 -2
39 78 38 20 1 -43 14
40 66 94 86 72 -38 38
41 1 58 85 37 88 13
42 52 92 53 50 -6 41
43 46 37 71 9 77 4
44 75 19 2 28 67 -5
45 21 73 64 4 -40 48
46 15 34 99 82 20 -7
47 91 23 38 1 -24 54
48 33 80 44 43 47 -48
49 96 88 23 83 -22 18
50 19 50 29 64 -14 15
51 16 28 86 12 78 72
52 23 86 73 26 -10 -33
53 29 39 11 14 -27 -12
54 21 51 92 8 94 29
55 35 31 80 55 -15 1
56 57 48 95 15 77 45
57 80 25 73 52 54 49
58 63 87 73 67 -38 81
59 58 90 50 78 -11 6
60 65 2 69 96 7 3
61 4 71 97 46 63 -10
62 95 31 20 22 65 -37
63 68 95 19 21 -42 -40
64 10 80 6 17 51 99
65 20 12 65 37 72 -48
66 20 27 2 45 62 21
67 68 63 49 23 47 59
68 53 48 1 16 3 70
69 48 93 85 16 -14 88
70 19 91 41 12 75 14
71 19 48 34 20 36 -33
72 74 36 33 27 96 79
73 96 89 78 36 98 80
74 64 45 22 14 -26 23
