2 75
1767 2030
0 79 48 26 24 -35 15
1 77 14 93 63 32 74
2 49 15 25 57 67 40
3 23 94 41 68 -22 3
4 74 33 55 41 -6 -27
5 14 91 43 76 56 72
6 85 98 91 19 -4 15
7 90 11 20 20 99 49
8 11 3 26 3 34 -2
9 94 33 98 89 58 1
10 84 83 91 34 -23 25
11 54 25 13 96 6 20
12 87 98 22 59 5 -20
13 77 41 72 63 3 62
14 32 44 43 33 -48 79
15 88 97 26 8 100 0
16 68 29 76 62 32 7
17 98 94 70 50 -46 9
18 3 44 23 29 27 -39
19 71 11 57 90 99 54
20 50 16 43 11 71 -38
21 55 69 7 77 48 -12
22 46 1 49 19 -18 60
23 50 50 29 42 20 85
24 73 53 10 91 37 69
25 47 85 85 7 83 -41
26 84 16 3 41 0 96
27 30 76 18 59 56 1
28 76 64 67 86 45 42
29 55 33 56 84 45 -18
30 26 4 33 40 -10 14
31 1 59 83 36 -30 70
32 10 34 58 10 28 -41
33 8 49 76 35 95 31
34 19 11 93 42 95 6
35 19 85 43 37 -3 94
36 70 21 7 64 56 72
37 11 39 85 81 47 24
38 95 71 63 89 38 31
39 33 29 90 9 72 3
40 100 30 94 62 89 48
41 15 56 73 40 8 -30
42 13 78 75 61 35 53
43 73 47 16 14 -47 31
44 95 46 63 96 31 33
45 81 11 16 34 95 66
46 21 66 62 93 15 71
47 73 30 69 2 75 14
48 57 66 55 39 17 81
49 10 68 51 93 76 76
50 34 38 22 56 59 -1
51 49 78 48 91 -12 -43
52 8 57 51 20 58 0
53 11 36 72 49 36 36
54 63 12 95 69 2 70
55 84 37 64 91 83 38
56 31 54 45 78 -40 -40
57 89 87 45 50 -33 -48
58 59 77 8 43 -41 7
59 78 7 85 70 -47 -37
60 33 29 32 26 -15 -50
61 13 97 51 37 65 64
62 8 64 11 96 37 -2
63 82 29 31 51 -1 53
64 29 12 85 41 -1 4
65 20 52 8 83 -11 -9
66 81 85 25 46 53 50
67 48 22 25 92 -18 82
68 49 7 69 86 -23 -8
69 39 66 54 74 59 60
70 38 13 24 46 20 -44
71 62 100 94 40 86 59
72 44 43 5 58 -13 62
73 7 5 13 92 44 0
74 46 58 41 96 53 74
