2 75
3192 2818
0 28 11 55 24 79 -25
1 59 52 14 71 45 -6
2 7 82 44 44 64 -48
3 73 80 37 67 -35 -33
4 78 90 3 9 -6 -11
5 27 82 19 22 97 50
6 87 53 25 22 51 46
7 98 27 82 39 50 54
8 20 22 49 37 78 94
9 37 22 30 43 80 41
10 6 73 60 72 -28 48
11 58 37 32 95 69 10
12 20 33 79 12 -50 53
13 8 90 94 42 44 -39
14 96 95 25 32 5 58
15 26 72 17 68 79 -22
16 23 26 93 78 88 5
17 100 26 72 62 64 -21
18 24 31 77 45 -14 64
19 44 93 33 8 -3 43
20 18 90 85 10 30 24
21 1 86 52 93 96 5
22 54 32 85 65 -2 13
23 14 82 43 67 71 -22
24 54 43 10 62 20 -40
25 80 48 90 38 -21 -20
26 26 85 80 5 72 -15
27 71 85 20 19 64 11
28 29 27 44 87 82 77
29 80 15 89 100 -17 -7
30 59 32 46 63 39 88
31 64 79 9 42 51 80
32 81 76 91 22 83 66
33 20 94 73 56 20 73
34 29 7 57 43 -33 11
35 19 58 1 94 -20 29
36 79 50 83 8 55 32
37 64 96 76 86 93 -35
38 9 46 73 74 -9 76
39 32 48 96 19 73 97
40 60 47 79 19 10 3
41 21 68 52 12 79 -20
42 92 92 17 40 2 42
43 58 44 70 83 39 3
44 21 16 92 100 -29 48
45 56 11 47 72 18 23
46 47 11 36 59 54 -7
47 95 43 53 100 33 -39
48 70 50 10 13 51 -18
49 92 94 36 6 -26 93
50 55 7 98 2 77 52
51 80 30 10 30 74 66
52 30 9 55 15 -50 -41
53 64 13 1 100 65 -16
54 19 19 98 46 -38 92
55 49 23 92 37 -16 45
56 39 87 73 30 31 36
57 51 26 22 60 -21 -15
58 10 33 24 44 77 89
59 41 18 80 41 71 -6
60 59 51 25 38 100 52
61 81 17 59 57 17 -23
62 79 66 53 29 18 67
63 53 68 50 45 39 -30
64 43 88 93 66 100 26
65 15 40 5 44 1 -32
66 41 86 16 47 36 29
67 41 43 95 88 61 56
68 52 58 76 50 91 -36
69 58 98 68 4 -24 82
70 51 82 66 36 -44 16
71 32 92 93 11 75 54
72 68 74 41 64 81 10
73 77 21 78 19 40 53
74 39 89 15 71 89 78
