3 100
4137 3790 4057
0 5 27 24 59 99 71 48 52 -10 45 63 91
1 97 77 63 85 2 19 29 29 14 -41 77 99
2 50 38 1 20 20 43 64 -39 95 87 -16 -15
3 49 68 92 47 35 48 40 -34 -32 -29 43 7
4 46 71 24 38 21 51 91 -30 7 91 94 24
5 19 53 49 76 25 43 -31 46 -18 23 55 65
6 28 54 41 83 2 75 -46 58 46 -27 14 17
7 20 60 52 11 31 68 96 76 4 21 -2 2
8 42 25 59 50 87 15 -20 0 37 19 65 23
9 33 6 35 31 26 70 58 17 83 98 4 -39
10 20 83 44 1 47 14 -37 63 81 45 -3 37
11 82 20 33 96 48 73 19 -29 -10 12 -19 -35
12 58 52 91 7 9 9 71 89 14 93 30 -20
13 16 43 91 26 14 50 86 7 -6 82 48 2
14 7 32 52 35 36 46 73 17 34 40 56 -30
15 13 98 22 69 100 19 52 -5 -34 -2 -8 93
16 63 14 79 71 70 33 -48 85 -27 96 54 35
17 86 47 23 14 23 96 40 -19 65 18 61 -17
18 73 21 94 22 48 19 62 83 30 -43 83 56
19 95 62 91 92 83 66 91 84 -33 56 45 48
20 57 25 34 49 19 86 91 -41 -10 48 -19 67
21 63 61 95 28 15 57 74 -23 -5 -21 24 31
22 86 45 67 7 18 17 10 36 19 77 -9 4
23 86 42 33 74 26 79 24 2 41 76 17 63
24 63 79 63 76 23 22 -24 53 58 67 96 74
25 34 82 66 88 32 100 84 31 54 77 90 40
26 68 96 81 12 2 66 -35 64 47 -23 -9 86
27 31 37 78 2 91 48 80 72 1 95 36 91
28 77 76 69 25 79 28 -6 46 -4 91 13 91
29 8 10 40 18 90 93 4 72 32 67 58 49
30 74 31 60 100 70 18 80 -15 52 61 100 43
31 92 62 52 54 17 46 17 19 89 51 51 -25
32 63 60 58 44 38 61 11 76 31 13 -17 -39
33 68 32 91 53 10 5 84 -28 55 55 32 -40
34 88 61 54 15 34 53 91 -42 5 81 6 77
35 40 93 49 7 42 46 -29 4 -24 41 -11 -18
36 19 2 18 73 41 2 93 -25 -49 82 94 49
37 19 97 93 56 55 44 -21 27 -5 72 -46 37
38 1 87 3 69 42 49 39 -39 9 22 -10 97
39 19 37 41 83 76 99 79 8 22 37 -39 -19
40 21 91 19 77 37 62 -8 -1 2 -13 9 75
41 18 8 94 40 67 40 -12 93 72 80 -22 -28
42 79 29 25 86 4 83 67 56 -26 51 86 -26
43 10 84 86 50 23 65 -17 9 56 -33 -34 96
44 61 56 38 7 34 87 57 84 55 15 84 54
45 22 93 70 76 96 93 -41 -13 -30 68 -28 75
46 92 53 95 56 22 61 22 31 -10 27 4 77
47 42 16 48 9 11 93 80 -14 -6 62 -38 49
48 87 3 23 87 45 8 -9 -37 -5 48 98 2
49 92 14 27 50 61 93 36 67 -48 95 -42 -29
50 37 91 84 23 27 83 -28 56 72 48 -35 85
51 62 31 100 65 50 74 -14 63 25 47 -6 67
52 37 88 24 34 77 86 41 -41 -46 67 74 43
53 82 69 95 36 53 79 50 1 63 -22 32 56
54 98 57 60 96 28 33 49 72 52 34 85 -39
55 23 20 40 9 59 84 -39 -12 -39 2 74 65
56 66 36 49 22 56 82 35 -18 6 32 -47 12
57 60 26 7 91 39 1 32 35 59 -6 46 79
58 22 36 33 31 72 8 29 -32 26 23 -35 15
59 4 67 96 31 99 84 28 -28 25 34 20 96
60 96 85 29 55 92 66 31 65 65 35 33 -37
61 70 33 35 8 61 45 59 -37 8 18 51 -3
62 38 48 12 51 94 38 -47 -45 -28 61 58 56
63 82 60 80 64 56 1 19 95 85 -40 -2 96
64 52 15 53 5 97 56 61 38 12 -47 -41 47
65 16 7 30 66 21 68 73 -12 35 47 46 -7
66 21 17 67 22 75 39 -21 -12 23 70 -17 40
67 54 9 48 51 37 50 65 4 75 71 -12 -44
68 40 56 47 40 26 57 -35 -11 93 81 -24 43
69 50 60 60 55 47 55 95 1 -7 -18 39 96
70 6 75 31 2 15 44 39 63 70 98 -14 71
71 40 72 10 60 62 36 -5 89 24 64 45 6
72 79 50 88 21 47 21 -33 58 12 32 74 73
73 32 25 63 71 1 84 90 3 67 -17 90 30
74 6 38 29 27 20 81 -3 28 47 -25 83 76
75 45 34 31 36 100 6 -16 75 -45 36 80 32
76 43 91 17 4 7 3 15 12 61 51 51 37
77 41 24 61 92 97 1 34 -8 -11 95 26 -21
78 47 77 83 82 67 14 99 73 94 26 49 5
79 65 97 20 43 11 47 -8 68 38 57 43 -35
80 23 69 73 79 50 45 50 86 88 -26 66 -16
81 64 39 61 84 7 44 81 29 -49 -47 100 -4
82 31 65 4 1 39 91 8 -26 45 35 60 100
83 59 17 70 77 19 5 77 20 72 26 -47 -30
84 90 72 82 14 75 18 72 -21 -29 -27 -19 -26
85 21 74 13 98 79 23 23 91 83 54 -14 78
86 76 24 72 54 60 23 28 100 0 -43 -26 90
87 75 54 35 13 21 63 -6 95 5 -27 -31 67
88 92 89 32 7 27 96 91 30 56 82 55 -39
89 51 96 9 85 3 56 88 42 -36 9 0 56
90 5 51 96 38 59 64 -40 85 86 -5 36 16
91 2 43 53 59 40 31 81 96 82 64 84 9
92 9 92 46 50 24 98 73 80 4 63 12 -30
93 77 37 14 39 39 52 13 -44 82 -22 42 -15
94 81 19 11 27 67 29 32 95 91 -48 82 -25
95 81 68 89 97 23 25 98 0 66 -21 96 -41
96 64 90 3 99 86 100 41 65 -26 97 96 -35
97 65 47 62 47 37 33 76 -42 51 -47 46 38
98 31 27 53 70 66 75 14 26 -44 -1 69 24
99 66 91 76 3 73 42 90 65 -24 62 -39 -8
