3 100
1011 1039 913
0 52 42 31 7 38 57 -31 79 -50 56 -13 6
1 94 31 100 81 86 67 38 26 93 100 31 10
2 2 48 3 95 40 95 8 -20 -34 0 21 23
3 97 36 11 13 43 47 -18 92 -41 83 88 75
4 45 79 70 89 97 25 -33 96 97 96 40 89
5 37 36 58 67 45 73 -19 25 35 9 -48 42
6 56 70 33 61 51 27 -37 43 44 92 -12 46
7 86 37 35 76 96 71 37 98 -31 6 69 37
8 70 88 23 56 33 23 24 2 75 -23 80 -36
9 95 46 97 29 76 27 65 11 43 1 57 -12
10 29 53 100 80 82 37 24 31 97 16 50 24
11 89 56 64 81 57 34 90 54 72 87 -43 60
12 6 26 99 80 29 22 -31 16 24 4 32 -21
13 14 55 90 7 49 33 -9 30 59 -37 -50 75
14 86 93 90 68 80 58 -10 83 100 13 40 70
15 26 90 24 32 4 21 5 -13 43 80 -27 42
16 58 31 18 19 74 11 67 54 97 32 -30 -27
17 12 23 60 11 17 66 26 94 19 31 94 -34
18 7 22 15 68 4 6 52 13 80 82 86 85
19 5 79 74 26 98 14 55 -1 -22 -39 36 60
20 45 6 91 57 75 2 58 5 29 27 -45 -2
21 31 77 2 21 90 41 29 97 -40 6 56 75
22 71 16 37 90 6 50 72 65 -17 -49 35 79
23 79 16 79 24 30 60 68 -33 64 68 31 93
24 58 16 9 34 97 42 -7 49 -49 -44 -20 97
25 31 67 44 59 75 23 70 26 23 49 -15 66
26 46 51 44 62 88 79 94 9 84 -26 -32 -47
27 53 22 27 87 58 3 14 -1 1 94 25 -39
28 53 52 10 21 73 49 -16 -24 -25 69 5 -28
29 4 90 82 25 35 46 14 38 -35 8 93 3
30 52 11 37 91 62 20 -9 23 68 18 9 -22
31 92 20 58 85 41 65 26 28 -12 -38 0 0
32 21 31 30 5 46 59 58 39 100 83 -6 18
33 11 8 95 96 83 55 29 24 -36 43 -2 61
34 34 91 87 74 68 24 -45 66 14 67 3 -44
35 71 32 16 90 66 90 6 51 78 100 46 63
36 89 60 82 92 81 90 4 -1 14 49 7 34
37 35 60 8 15 91 35 86 58 -41 24 52 25
38 81 26 17 37 69 1 95 58 22 -41 35 28
39 49 97 5 85 47 39 45 -9 83 10 15 -42
40 77 62 78 26 39 86 46 44 44 73 90 32
41 37 11 81 82 65 26 -42 24 -34 -45 1 15
42 7 38 14 49 81 77 20 80 65 96 -13 59
43 40 84 11 35 88 4 44 -43 98 -20 -28 -6
44 33 56 80 88 57 89 50 -2 -45 -46 -27 31
45 99 12 88 84 16 7 78 80 44 -18 -17 41
46 49 30 83 62 33 76 37 27 63 -8 97 47
47 62 60 26 67 95 22 -13 -15 -9 -43 94 -38
48 75 81 73 3 19 26 29 -12 92 15 12 43
49 66 98 19 5 48 88 -20 -13 -14 11 15 18
50 72 28 89 18 97 1 -47 35 90 -23 81 29
51 76 99 63 71 72 6 54 -26 74 50 3 9
52 98 86 74 40 36 10 87 57 -31 14 -25 90
53 22 2 10 38 5 77 -39 -4 2 -9 -11 -11
54 20 63 49 15 33 30 98 11 9 24 -11 20
55 49 72 18 85 89 69 -6 -8 33 72 54 31
56 81 42 57 78 58 20 97 -33 10 61 -31 34
57 68 18 60 64 19 22 -17 77 91 61 81 -41
58 22 69 70 26 25 36 -30 76 74 48 49 66
59 98 98 16 49 64 79 16 48 48 -36 -43 40
60 85 71 58 13 79 77 0 25 -22 59 8 47
61 27 4 22 97 81 23 -23 -11 92 -34 98 77
62 54 56 88 29 83 35 83 84 68 2 -25 -14
63 100 55 11 71 72 24 96 63 84 -36 40 61
64 59 69 2 88 34 40 10 15 2 47 54 81
65 3 27 95 13 78 64 -12 -6 99 61 82 42
66 30 26 53 69 32 90 35 0 5 -40 -30 29
67 21 86 28 66 67 84 -26 -39 73 -49 92 68
68 55 11 21 43 64 45 73 40 81 13 -19 43
69 64 91 89 1 32 29 47 21 92 67 23 -42
70 65 56 57 91 60 75 61 -41 -1 -17 36 41
71 65 27 64 94 85 98 54 -7 23 98 -47 47
72 32 22 4 7 17 23 15 -36 90 69 -2 -32
73 78 57 54 8 65 7 17 -18 53 100 55 28
74 4 99 68 66 70 46 70 -14 -21 51 78 -27
75 62 44 83 47 80 62 64 7 61 -36 -7 95
76 45 100 75 87 55 75 54 -9 77 70 21 25
77 25 23 37 79 12 28 40 12 31 -5 57 24
78 57 74 10 9 86 53 -48 84 -39 -32 57 68
79 76 21 94 18 26 60 53 48 93 37 58 -20
80 49 30 25 84 10 21 38 10 -13 74 -15 98
81 49 62 28 57 18 82 4 -11 65 -46 69 -50
82 82 86 44 17 28 42 7 -28 6 13 54 16
83 26 42 23 73 97 84 88 20 97 30 -5 3
84 11 82 68 9 21 19 23 88 88 1 94 25
85 70 21 63 13 83 92 -21 87 -25 5 95 45
86 26 79 4 27 9 37 77 71 23 18 -50 31
87 100 69 86 83 42 74 57 72 -19 2 48 -44
88 66 13 17 74 27 42 17 56 -6 22 -47 -17
89 74 84 32 78 14 37 -1 77 18 -22 76 57
90 95 90 24 50 86 14 -33 1 -16 -37 69 57
91 29 34 9 94 61 39 56 8 56 -27 -14 -7
92 85 26 94 33 73 18 -18 -15 20 -45 4 67
93 47 35 24 14 60 65 25 98 -1 33 -45 76
94 32 58 19 3 77 39 37 -13 -24 96 44 -33
95 81 94 30 83 1 64 45 39 60 64 15 51
96 11 33 49 92 66 35 78 88 9 81 86 43
97 6 60 42 44 98 92 69 -12 84 41 92 32
98 24 30 46 41 71 68 -36 33 21 -9 63 -26
99 93 10 81 47 31 23 -30 -49 92 21 48 -1
