3 100
2600 2542 2674
0 70 45 76 94 52 68 38 16 94 -45 80 -46
1 59 58 33 86 26 81 68 92 5 -45 67 -24
2 92 20 19 68 10 50 -17 -49 -50 20 94 9
3 99 21 98 53 81 38 23 -44 61 -19 49 -20
4 8 52 3 80 19 80 22 -11 -23 35 -8 100
5 73 60 55 26 21 16 3 76 66 -32 62 96
6 82 29 38 30 48 47 34 59 -12 10 -3 -32
7 39 32 8 7 56 6 76 63 -21 -8 -8 74
8 96 55 2 89 27 16 55 -46 33 -15 90 -36
9 76 90 9 31 10 35 22 57 25 55 17 76
10 62 95 87 63 77 72 85 -15 13 -26 91 -18
11 85 74 75 33 25 67 74 56 55 57 96 -37
12 9 46 81 11 55 67 82 15 41 74 27 -46
13 35 60 15 11 81 23 -26 53 -6 -41 66 45
14 68 77 59 72 35 58 34 -10 -24 18 70 22
15 31 65 81 23 90 81 25 28 -15 42 71 -34
16 3 80 40 91 4 53 -2 88 -47 30 -34 85
17 69 19 65 78 61 33 -49 -3 53 -6 3 98
18 39 19 3 39 26 69 -15 10 50 46 23 10
19 22 4 76 92 38 53 23 -49 1 32 14 58
20 74 18 74 14 77 46 0 -33 -43 -50 27 -24
21 92 28 61 15 6 28 83 -13 -10 49 82 10
22 10 27 80 37 37 61 12 62 42 4 73 13
23 63 60 11 97 38 46 63 0 90 80 61 19
24 95 13 92 92 51 29 -49 70 89 69 81 -4
25 6 23 31 33 17 87 88 -2 -8 91 14 -46
26 29 54 6 66 48 97 -13 75 29 11 -4 23
27 42 34 36 49 29 41 -7 2 -30 68 39 -44
28 77 68 31 13 50 57 57 36 91 -25 16 92
29 19 28 72 44 2 45 56 -39 -17 74 51 -47
30 60 73 94 88 44 45 1 79 78 -17 53 100
31 43 61 93 49 11 34 63 3 57 81 74 -24
32 79 93 91 16 89 26 42 60 39 -13 -34 -31
33 35 74 91 44 84 1 79 34 100 37 67 28
34 63 51 100 67 89 54 79 -28 -50 94 -47 83
35 92 73 45 68 80 45 52 -26 -36 64 12 1
36 12 18 79 81 21 26 18 -1 16 4 39 -4
37 15 48 49 6 60 79 -20 8 58 -31 61 72
38 52 14 14 66 38 63 96 23 23 -18 27 -46
39 78 44 60 22 69 75 88 70 21 -40 97 -33
40 99 45 80 80 20 33 -1 18 14 -23 5 89
41 7 68 87 93 6 87 36 -32 -43 -2 22 56
42 25 97 33 16 34 14 -13 41 -16 56 31 7
43 41 99 52 51 43 39 42 57 83 95 85 64
44 43 2 2 1 78 50 -25 -32 -32 66 88 76
45 60 35 43 60 89 12 -35 82 -42 -17 8 76
46 43 13 61 16 72 21 -7 66 11 -4 42 26
47 66 46 34 18 44 94 79 57 54 73 12 35
48 57 83 70 52 3 65 -34 -7 -40 -26 -7 8
49 73 49 36 9 51 51 -29 43 -24 22 90 -19
50 4 27 35 79 88 89 -16 14 86 88 13 -26
51 39 68 13 66 47 77 -5 -30 29 42 75 -50
52 69 10 16 94 12 30 30 59 60 53 -27 -4
53 96 34 78 26 58 27 3 -27 99 -1 21 40
54 38 70 78 96 60 74 85 -14 21 36 79 58
55 86 100 11 86 74 33 24 -3 46 -40 17 -8
56 95 46 2 17 50 29 -30 -34 13 25 48 99
57 32 56 67 79 7 66 -41 10 36 80 7 -23
58 51 35 56 90 70 83 19 78 -45 43 48 -16
59 74 64 46 60 1 38 10 63 -20 16 40 82
60 85 48 95 91 21 21 -5 -45 34 80 5 27
61 2 8 93 16 49 60 47 -19 -27 -4 3 -7
62 59 49 16 36 86 51 31 41 66 15 84 96
63 35 86 69 1 91 98 26 50 45 49 53 -33
64 46 27 99 100 45 51 -10 12 14 71 96 78
65 71 6 27 71 30 81 59 -13 -22 -13 96 74
66 90 8 21 31 94 2 18 77 47 -7 4 -35
67 12 96 6 78 91 5 56 -34 77 1 -43 96
68 49 85 56 28 2 94 -32 -27 36 -42 -16 55
69 67 30 7 59 43 11 -46 -8 72 34 20 -29
70 67 84 74 15 66 86 64 29 95 7 8 -25
71 86 44 18 18 32 64 33 15 80 31 60 94
72 77 37 53 90 95 83 11 -1 39 38 49 4
73 89 56 33 45 62 72 -12 33 1 67 61 6
74 78 74 83 34 3 42 62 -19 25 4 44 79
75 34 91 17 68 55 100 60 15 39 -13 63 81
76 72 64 39 64 87 47 41 72 35 44 74 59
77 66 14 38 34 96 94 88 -22 -35 0 95 -38
78 61 38 42 39 90 57 88 5 -31 15 27 -25
79 21 33 15 89 41 49 49 -34 99 -31 -11 90
80 72 37 24 43 94 99 -32 15 2 90 72 -32
81 60 99 72 48 61 81 -45 20 75 78 -46 9
82 66 20 91 72 49 92 21 39 80 -14 17 -9
83 90 65 91 70 5 90 -42 58 26 -23 -7 59
84 61 1 7 46 79 99 93 17 94 -38 94 81
85 20 16 42 34 51 74 26 -48 -25 98 -26 -19
86 96 100 37 51 74 58 52 22 89 68 -36 -30
87 7 90 57 64 84 26 52 67 20 60 -26 -19
88 86 70 21 61 42 41 67 -35 83 84 20 91
89 34 83 81 51 59 57 20 47 22 68 -3 59
90 82 87 11 65 38 100 51 57 21 25 77 55
91 90 18 16 63 57 52 89 -10 3 -27 -33 41
92 46 89 20 51 38 47 -49 -40 -7 98 55 32
93 90 95 59 33 68 20 92 78 16 -38 93 29
94 79 65 75 28 74 88 36 -11 -38 -2 -9 33
95 50 73 71 33 59 14 50 77 32 68 3 29
96 10 86 73 64 79 33 45 49 82 -28 20 71
97 9 67 59 32 20 27 91 61 -11 79 95 -21
98 44 47 38 16 88 60 -47 58 -25 80 30 23
99 86 63 1 20 10 13 67 -24 -32 -5 55 90
