3 25
234 192 214
0 98 68 67 34 4 91 -44 41 -15 82 51 3
1 10 1 75 71 87 5 16 42 -47 71 -31 39
2 57 13 30 23 17 64 -47 74 -36 -33 38 22
3 11 23 60 51 31 68 -35 85 -43 -22 15 -35
4 88 50 16 93 84 61 84 57 -17 72 69 90
5 47 45 71 22 98 91 3 82 46 40 27 -6
6 32 57 82 7 19 39 -18 97 83 12 18 42
7 80 19 8 11 88 74 65 66 28 -30 70 56
8 94 22 60 50 36 92 9 -26 89 29 -6 21
9 41 83 19 52 4 2 71 27 84 84 -10 53
10 86 98 93 5 63 9 -36 -1 38 -13 -5 2
11 25 70 41 69 56 32 47 78 61 90 7 -23
12 70 57 30 55 31 20 88 4 96 -4 -6 96
13 23 57 48 18 12 11 7 84 -27 6 45 -46
14 10 88 32 42 37 4 3 -37 -46 26 11 6
15 13 30 27 14 47 46 22 25 -42 79 -35 32
16 4 63 18 11 87 88 -50 12 5 35 -12 98
17 47 9 35 45 4 22 22 61 84 14 -28 70
18 26 41 76 14 72 51 57 9 9 54 -40 28
19 18 77 58 48 36 41 -21 35 56 90 42 48
20 97 59 83 59 62 32 35 88 15 -8 75 -29
21 81 53 91 19 4 85 8 91 2 100 46 25
22 77 33 10 6 24 1 82 56 -9 96 18 50
23 37 42 73 63 48 24 20 -23 -44 -36 44 38
24 55 10 14 78 36 17 -37 14 77 85 53 50
