3 25
611 442 660
0 27 18 9 17 2 41 -23 66 -21 34 -46 -37
1 83 4 90 41 41 49 25 90 97 -28 -2 3
2 2 21 31 44 3 2 -15 -23 -17 57 54 30
3 58 78 24 16 13 64 -18 6 -22 84 34 39
4 15 71 71 23 42 10 24 51 -44 -44 78 47
5 52 60 20 38 37 54 -42 -27 84 -35 64 13
6 59 53 43 55 7 94 30 90 -37 88 -36 14
7 25 72 40 7 52 34 41 86 -4 -37 57 4
8 40 98 40 47 28 68 -23 -29 50 -19 89 93
9 64 67 7 55 64 94 81 90 62 30 82 12
10 2 4 86 4 36 20 74 75 27 16 23 -30
11 7 45 30 33 88 91 12 98 23 -30 25 71
12 10 21 6 55 79 99 -6 -21 -28 37 7 30
13 28 6 58 88 47 3 -21 69 -22 -24 -21 41
14 13 23 85 12 53 84 1 -21 85 -34 -12 -10
15 68 6 30 28 39 90 83 91 15 69 69 80
16 7 65 78 45 44 68 6 86 84 72 40 99
17 66 15 2 79 9 40 -18 -47 -1 -14 -40 50
18 72 95 91 17 76 31 81 76 93 79 -11 94
19 96 66 56 55 99 49 17 -33 -28 94 3 45
20 4 83 38 4 44 9 52 83 88 5 95 -36
21 28 66 45 51 49 47 -32 23 3 -24 93 62
22 38 24 49 18 24 20 -9 74 6 -41 3 10
23 21 94 27 7 95 71 33 95 19 32 39 67
24 93 67 70 45 25 88 50 89 37 -47 65 -5
