3 25
1078 1082 1086
0 33 100 62 86 42 95 -25 -16 3 76 48 97
1 83 60 7 53 30 39 -10 -39 93 -36 93 -43
2 13 76 80 97 78 92 47 71 -42 -42 18 6
3 19 3 50 76 22 25 5 86 79 15 32 -44
4 64 47 91 3 98 35 78 -4 22 100 -10 -4
5 7 20 7 50 40 42 44 45 38 23 39 -22
6 16 18 77 92 44 3 41 -11 -42 36 73 -41
7 8 67 47 4 88 98 -15 -49 -42 44 74 71
8 2 62 62 27 72 52 -46 -5 92 36 -33 38
9 80 74 43 84 87 72 -1 -4 94 2 46 76
10 28 11 5 12 65 58 59 -46 42 57 72 39
11 37 74 23 52 95 3 -41 69 -39 48 22 52
12 79 37 27 11 2 80 92 -49 -42 47 77 -43
13 28 67 44 62 12 63 66 42 32 41 -10 -35
14 23 62 90 82 54 51 84 22 99 96 32 15
15 66 93 27 96 80 19 51 -11 -4 47 -24 18
16 58 69 93 99 25 62 94 10 50 -15 -21 30
17 76 13 36 44 19 88 4 4 65 81 -37 89
18 7 20 66 71 13 47 46 44 -31 69 58 88
19 58 66 88 36 97 15 6 44 76 -19 -32 18
20 72 27 7 15 49 100 -28 54 -47 22 -10 80
21 33 84 78 78 55 72 74 51 39 66 73 13
22 3 27 28 16 44 90 -15 5 -16 11 5 7
23 72 90 52 42 74 38 -17 42 -3 62 5 -34
24 7 80 75 64 71 18 29 37 23 -37 -37 -6
