3 50
1236 1424 1396
0 38 46 85 43 95 80 -33 100 25 3 86 9
1 34 3 21 59 74 58 62 84 40 -13 62 -44
2 22 92 53 98 30 43 57 51 8 94 5 53
3 14 36 15 75 57 65 -1 -10 100 67 -36 2
4 35 6 39 16 85 74 17 -45 -18 28 89 -31
5 44 80 63 49 73 99 -38 23 100 14 30 -18
6 92 94 53 84 44 77 11 69 -28 46 34 -9
7 74 67 76 9 38 34 87 31 51 29 2 50
8 91 45 7 79 65 45 -20 -18 75 68 9 -2
9 77 56 86 98 44 98 -23 -5 -13 -29 72 -35
10 66 34 71 95 16 89 3 -9 15 -15 0 31
11 49 31 55 94 100 96 26 -42 80 -21 78 73
12 22 44 2 20 56 98 -14 -43 -32 -10 -39 42
13 56 3 5 21 58 64 -20 -50 -48 -39 -5 -35
14 14 95 62 83 52 18 75 45 8 66 82 9
15 79 68 5 47 5 74 38 64 -13 -29 31 63
16 69 31 65 25 7 57 1 -40 31 19 8 86
17 26 28 5 32 95 43 55 53 21 -21 86 71
18 47 39 96 9 79 9 -14 -6 13 2 88 -20
19 5 40 35 72 43 87 -22 -29 -4 -47 81 13
20 32 30 5 82 78 87 -41 56 100 78 82 62
21 94 34 82 20 23 95 -46 28 29 66 96 16
22 99 65 94 77 28 31 -47 63 95 -5 -20 15
23 32 23 61 18 100 39 23 47 97 52 -48 64
24 23 73 98 65 87 63 23 16 48 4 -27 -40
25 68 53 41 46 96 45 16 26 -17 17 59 39
26 29 13 72 96 96 23 64 44 34 -16 -24 11
27 85 72 26 47 22 39 -29 36 -14 -44 25 2
28 34 79 30 31 88 72 63 41 -10 6 42 100
29 91 42 86 88 80 81 62 19 -41 70 4 95
30 94 23 19 54 49 4 -48 63 -38 73 -23 30
31 25 8 1 10 20 13 81 14 84 64 -26 -39
32 44 9 85 94 6 60 93 -9 87 35 58 26
33 87 55 61 99 76 81 100 -50 -11 -21 0 -45
34 85 74 64 55 2 95 43 -31 37 -36 -32 3
35 8 99 73 84 7 36 29 81 88 19 -10 -20
36 66 36 43 59 42 71 38 28 62 -45 77 24
37 98 55 46 77 8 17 89 51 100 74 -10 9
38 25 68 13 47 70 51 10 -45 -47 -11 -16 -20
39 51 73 66 64 4 45 57 44 26 91 -10 12
40 33 14 14 17 8 49 78 -4 49 2 -31 97
41 36 35 37 54 100 36 -19 62 63 23 47 31
42 11 89 49 47 25 45 76 41 64 31 -10 97
43 37 88 25 81 44 14 42 -6 -30 71 54 14
44 5 74 90 57 51 1 -44 -25 42 75 -5 -42
45 39 52 70 23 79 77 11 69 39 65 34 46
46 83 75 47 81 76 40 41 16 87 48 93 48
47 21 16 68 22 84 14 97 -23 83 75 88 -33
48 32 92 70 92 46 97 -5 48 56 -33 42 28
49 53 15 16 54 5 64 17 48 -44 -5 33 4
