3 50
416 542 436
0 83 96 38 81 4 20 65 -45 -14 6 85 -20
1 67 82 100 80 46 29 70 -31 44 -12 94 62
2 34 34 14 100 11 5 57 -13 0 83 33 -13
3 36 16 96 70 6 68 99 80 55 10 94 -22
4 79 74 81 2 39 23 35 71 13 -2 31 -12
5 13 5 73 60 97 70 -25 84 44 27 83 -16
6 22 31 18 44 42 42 61 -48 -47 -37 -34 69
7 94 25 1 77 43 20 45 42 -27 18 62 76
8 70 61 96 16 46 89 -16 -7 47 46 -37 37
9 74 37 68 40 31 96 -40 -5 4 -49 63 24
10 77 7 59 43 33 11 -6 97 79 91 13 68
11 41 94 16 12 7 37 20 -42 17 -8 92 45
12 25 46 31 59 16 21 51 -12 19 -3 -9 34
13 88 28 86 5 42 6 37 56 84 -2 95 57
14 74 46 6 73 72 17 68 27 -15 70 39 73
15 96 63 22 78 81 52 57 99 0 38 -16 90
16 63 24 76 79 1 70 -40 -45 79 0 10 4
17 41 42 27 35 23 94 10 9 -17 -6 79 7
18 13 36 97 81 99 61 -41 72 58 36 77 92
19 33 11 7 13 84 66 69 -11 23 24 -5 -49
20 54 3 41 4 70 12 26 -47 68 61 96 -46
21 88 7 25 22 49 25 -2 59 -27 -8 -40 -49
22 72 5 62 77 67 3 85 -11 2 -36 8 96
23 38 32 85 90 26 92 -35 44 -36 52 33 62
24 31 74 70 72 69 71 -14 64 77 -47 -44 56
25 19 12 20 40 26 95 57 83 70 -25 4 -46
26 35 23 15 53 95 47 59 72 27 -9 -34 -15
27 43 36 62 73 21 63 -4 91 97 50 18 76
28 65 16 54 2 87 15 -27 -15 40 -20 -35 -49
29 84 96 27 66 57 70 97 13 53 11 19 16
30 36 50 63 7 14 80 67 93 72 -9 64 29
31 7 12 76 29 20 11 7 -26 20 23 -4 -4
32 100 21 82 84 10 65 56 -20 74 -43 -14 9
33 94 36 98 63 90 47 92 -18 33 -36 97 2
34 55 45 32 93 87 34 85 72 18 27 5 -19
35 99 29 56 36 78 63 -45 -12 41 -29 -16 91
36 64 59 20 71 21 11 36 12 64 62 23 35
37 72 92 18 22 67 48 84 89 -32 50 -28 8
38 25 42 90 54 60 50 27 100 -42 52 49 -6
39 82 48 65 12 98 59 87 -41 -46 28 -49 14
40 61 60 3 83 52 11 7 11 -26 78 7 76
41 44 87 42 28 70 44 50 -30 73 -20 -28 60
42 21 16 64 96 95 64 99 -12 9 -4 -21 -30
43 100 3 100 52 56 6 71 69 2 99 -32 58
44 3 97 42 92 45 34 -12 -25 -16 93 -37 48
45 66 82 20 95 72 9 83 -15 55 -46 -20 -30
46 15 54 83 65 27 14 -33 -26 -23 6 -17 78
47 53 34 87 85 6 71 10 98 -43 60 21 73
48 94 37 59 13 98 19 98 60 38 -32 -46 1
49 92 16 87 81 97 48 -50 -42 90 -21 47 -28
