3 50
1929 1982 2006
0 11 25 77 34 4 10 20 -2 96 32 25 54
1 31 16 57 46 66 77 22 16 43 3 -34 -33
2 99 25 10 62 39 44 -11 -22 58 99 60 21
3 47 95 98 35 79 31 -50 21 6 -47 45 -15
4 51 61 14 77 16 69 13 -27 13 -7 23 50
5 51 13 48 67 82 93 51 -22 89 32 -24 84
6 36 96 44 40 89 51 62 0 33 -47 47 -25
7 93 11 57 14 66 61 55 -41 34 -26 -41 37
8 59 29 62 93 15 45 -42 9 -11 -6 -4 -13
9 83 56 3 60 27 33 -26 -29 45 -21 55 -41
10 77 73 45 69 61 91 52 55 13 99 54 25
11 35 13 100 36 23 76 -19 -24 58 -20 7 57
12 75 58 4 88 35 53 53 84 -9 92 81 -47
13 77 27 22 83 6 78 -26 58 -42 -43 58 -30
14 98 33 14 95 63 98 28 24 25 39 78 63
15 30 66 90 38 75 63 51 87 -29 73 4 70
16 89 32 19 31 87 57 -5 83 96 40 7 63
17 21 70 66 63 39 95 40 76 3 77 85 95
18 81 80 35 54 11 3 88 -48 78 68 21 24
19 46 16 58 57 76 16 99 100 -10 -19 -16 41
20 91 81 95 35 47 3 32 5 -24 -42 85 27
21 27 14 96 83 27 77 16 73 -31 -38 57 -48
22 52 39 21 53 93 25 -26 -25 26 42 -34 60
23 82 5 86 92 68 98 17 -12 82 10 86 44
24 89 16 18 70 87 81 -4 24 -35 -18 -3 19
25 99 99 20 11 54 27 63 87 23 94 47 -33
26 85 85 61 5 52 74 40 89 30 90 -36 79
27 74 62 22 47 4 95 5 71 16 75 -31 15
28 23 51 40 22 81 94 11 47 72 19 -3 -48
29 84 45 87 11 65 11 61 -27 75 12 22 -40
30 33 61 58 33 84 16 11 95 16 10 10 53
31 26 47 94 48 26 67 95 27 63 97 -15 3
32 18 25 50 9 21 51 5 26 55 97 52 -49
33 99 28 22 29 83 49 -49 26 77 -28 -27 29
34 1 48 29 38 10 52 41 35 85 25 -41 -34
35 18 39 63 83 48 97 15 66 -15 80 75 50
36 76 14 71 18 19 33 -14 47 -31 -41 -43 -23
37 71 51 95 4 51 51 97 33 99 77 30 20
38 44 45 62 49 65 14 42 -47 -12 97 96 60
39 64 99 92 31 50 86 52 43 -11 -28 94 68
40 60 84 66 64 85 18 -37 30 2 31 36 41
41 63 22 36 44 99 90 1 54 33 8 84 78
42 72 34 56 72 46 4 59 -2 -41 26 81 -42
43 61 39 51 35 2 53 69 22 -38 -44 -50 71
44 41 52 68 20 10 40 17 28 28 17 -38 -28
45 44 83 31 38 76 14 61 24 -10 97 38 31
46 18 47 21 18 82 17 -43 -11 -25 12 -10 -41
47 62 87 49 96 95 4 -5 45 50 -30 4 90
48 86 29 28 88 73 7 100 -2 61 41 -33 -26
49 55 85 94 89 28 15 16 -47 -44 77 13 59
