3 75
1880 1848 1636
0 21 22 6 29 3 38 41 1 -46 -46 13 20
1 53 45 6 47 50 2 26 -32 56 56 3 70
2 54 78 94 18 6 6 79 93 48 -45 3 62
3 26 80 24 65 27 55 -12 93 22 82 100 58
4 40 6 22 56 38 78 27 61 5 67 88 42
5 79 42 36 23 24 17 68 18 18 19 -48 50
6 8 63 82 74 71 77 -28 -34 41 96 41 14
7 14 62 31 85 75 77 94 27 96 -35 35 96
8 6 84 99 31 92 28 47 -1 44 -13 -15 58
9 98 99 71 98 60 54 5 32 94 66 -43 85
10 45 26 6 45 41 1 73 18 37 60 -47 -26
11 66 29 96 20 73 66 42 91 57 98 38 -26
12 84 100 22 44 88 63 16 -22 71 -41 79 -17
13 75 100 26 10 62 52 95 61 16 98 -13 90
14 93 92 24 24 75 5 20 81 17 -18 99 81
15 40 100 46 12 88 8 -47 -50 32 -1 82 71
16 20 34 47 20 14 97 -19 22 -9 88 82 -5
17 10 4 12 59 22 28 -18 62 -26 36 55 99
18 74 30 69 28 36 42 -32 13 84 -10 -18 43
19 90 7 2 88 38 67 21 -47 5 48 -27 -3
20 58 45 63 55 99 96 31 -6 55 36 78 33
21 71 62 100 37 59 73 22 37 -31 100 84 -48
22 98 92 34 48 10 83 44 20 28 -39 -12 75
23 15 78 74 88 38 17 51 61 87 48 80 61
24 58 7 60 43 93 80 35 -21 -39 22 -36 34
25 78 79 62 60 11 38 1 -50 38 -20 -39 48
26 1 81 30 88 70 81 42 61 17 5 -42 58
27 72 62 94 5 93 55 37 -25 11 57 7 -45
28 15 68 93 6 39 14 -10 -11 11 42 46 69
29 80 94 64 37 49 82 -30 69 95 9 -39 -15
30 39 12 7 4 27 52 -50 91 34 55 -39 -37
31 11 71 24 90 62 36 -24 13 25 3 -42 -23
32 6 88 46 17 94 2 49 70 66 41 -3 -46
33 42 9 97 67 56 84 61 12 1 -1 36 85
34 91 56 69 92 18 48 -26 89 56 -31 -7 -9
35 58 5 27 28 43 9 77 94 74 5 66 18
36 62 42 3 75 87 42 58 97 65 75 91 4
37 80 36 13 59 39 46 38 -33 -28 -7 68 -21
38 97 93 33 12 3 59 82 51 -31 79 -36 -47
39 92 16 52 96 81 23 -50 35 87 97 36 50
40 9 59 4 7 80 85 92 90 55 1 40 71
41 7 73 1 32 12 27 -44 -14 12 98 14 29
42 60 21 60 6 100 11 -7 24 33 -44 35 80
43 58 99 79 82 52 59 52 51 85 -37 -6 47
44 1 52 62 7 48 42 76 -5 -10 69 -18 -23
45 36 4 53 85 23 70 -32 30 -16 -1 53 43
46 9 7 94 68 81 37 -42 47 -34 95 100 61
47 72 77 29 85 29 59 -50 25 4 2 53 70
48 22 20 30 78 39 48 87 -20 61 34 96 -31
49 43 3 64 56 78 23 -17 -9 42 -28 8 79
50 52 57 54 20 48 76 82 81 -2 9 52 49
51 25 5 67 98 5 9 -40 50 15 -16 -26 16
52 48 39 96 96 67 93 95 88 0 7 50 93
53 32 39 54 60 39 4 39 -18 27 70 -10 11
54 25 31 8 54 91 80 28 93 -7 55 3 67
55 80 46 57 71 94 17 -18 -37 1 62 64 52
56 24 32 15 69 92 45 66 -13 3 -14 9 -44
57 87 70 87 33 47 30 80 57 -41 53 42 -37
58 13 16 99 87 78 30 -43 79 93 21 78 91
59 3 44 21 75 55 35 100 16 -6 71 -20 54
60 74 17 77 20 22 54 -39 -45 -44 5 32 -2
61 24 46 30 94 24 10 92 -44 93 38 90 -6
62 12 9 22 76 1 14 92 24 -12 -2 -10 -45
63 43 64 66 22 99 20 -23 49 -46 -33 88 34
64 100 65 76 15 8 11 48 98 -14 78 59 61
65 44 36 4 15 14 25 74 -2 1 18 -35 77
66 17 58 62 40 33 6 95 90 63 -33 -30 4
67 82 95 72 66 62 29 -29 -49 21 38 12 1
68 54 39 4 80 15 94 58 -18 -33 -47 48 -23
69 83 70 64 13 43 6 -2 16 -43 13 29 54
70 72 84 100 66 99 18 21 98 23 -11 -8 67
71 35 68 20 18 40 19 72 92 27 -37 66 72
72 56 20 71 73 3 85 34 4 52 65 87 78
73 48 36 66 2 32 81 2 53 26 71 -6 76
74 88 59 91 43 28 38 43 -41 2 34 5 18
