3 75
798 769 822
0 56 77 29 58 36 83 72 27 -19 38 20 -37
1 53 30 82 13 65 65 36 -19 -6 -40 -22 0
2 72 53 51 31 29 59 -40 92 -29 -21 -45 -12
3 34 78 6 85 9 17 45 46 -3 47 26 96
4 3 56 37 21 4 8 20 -10 34 -16 31 75
5 83 34 7 78 55 39 -49 57 89 90 82 -16
6 83 71 59 49 96 87 8 0 88 24 85 61
7 24 11 48 24 44 29 -24 -48 8 6 29 87
8 28 66 35 14 99 32 85 62 -14 47 62 -32
9 89 64 89 11 36 14 13 71 18 -49 16 84
10 82 17 60 48 10 23 -42 92 58 63 -41 56
11 11 52 94 56 65 16 -46 8 48 37 63 72
12 83 11 80 29 35 87 46 -30 65 61 -33 -48
13 89 59 51 4 81 43 -48 -25 40 15 42 4
14 41 94 25 69 38 25 56 -13 -15 -20 -34 -26
15 34 78 87 52 27 59 19 72 14 46 80 34
16 37 53 31 16 4 71 85 -9 44 -12 1 -4
17 11 77 69 68 4 73 28 -1 50 44 76 58
18 8 8 66 93 5 77 6 36 96 40 -24 14
19 29 98 24 54 45 72 62 -24 96 53 90 100
20 63 67 15 62 42 94 7 63 34 59 54 27
21 35 14 96 62 93 6 90 39 11 1 12 68
22 15 67 70 45 17 52 -4 -10 82 42 92 -26
23 38 16 81 6 36 91 19 58 66 0 38 -31
24 82 75 43 12 9 65 9 -36 22 -12 -12 68
25 29 59 100 95 69 12 -36 12 57 -42 48 -40
26 62 82 47 97 71 36 3 14 -34 97 13 30
27 45 99 83 74 80 11 46 -16 -2 -23 96 -48
28 42 1 95 44 36 2 26 70 -34 -41 58 56
29 73 15 35 6 28 41 -47 -37 51 5 -7 68
30 93 38 21 90 55 64 19 42 42 56 69 -30
31 51 24 54 64 38 87 -36 86 -35 44 -12 -36
32 66 80 68 64 71 85 -30 -43 16 78 83 3
33 83 16 45 62 3 92 80 39 -6 -33 -6 49
34 99 86 48 92 68 97 -34 37 -42 -1 57 41
35 94 62 46 58 99 20 99 -45 74 56 58 80
36 5 46 86 8 41 90 25 81 88 -7 -25 27
37 58 43 56 97 58 1 36 88 -26 -6 40 -39
38 77 24 90 58 96 92 23 7 29 63 25 60
39 97 24 88 5 4 10 -5 62 11 -22 81 64
40 76 81 14 68 96 86 -38 44 9 -47 88 -34
41 63 25 73 80 57 73 -47 17 65 -7 25 62
42 56 50 36 49 98 8 31 55 8 69 97 31
43 47 73 80 26 9 63 -34 34 15 100 40 67
44 17 76 95 75 41 2 -27 -47 -6 85 -28 7
45 67 21 86 100 63 26 71 25 -9 46 12 13
46 57 81 50 4 44 96 -41 55 -24 7 71 16
47 83 57 61 13 20 39 77 56 72 31 -8 46
48 48 52 56 55 7 87 6 73 44 34 67 94
49 91 20 13 87 2 60 17 16 73 48 57 10
50 13 29 5 88 10 72 -41 41 -9 -18 66 96
51 26 96 99 53 99 88 29 77 -20 39 -31 37
52 53 58 47 43 12 61 56 -6 17 3 69 -18
53 34 70 36 2 3 69 1 -10 -29 -11 70 -4
54 72 79 45 73 31 41 7 -36 -33 -23 33 46
55 94 44 73 9 86 74 48 -29 94 71 32 -39
56 83 43 58 51 47 70 90 100 96 -10 8 50
57 38 21 89 75 94 56 -21 -22 12 56 84 4
58 79 56 80 43 50 59 17 -16 25 92 -15 18
59 71 72 18 32 41 79 10 34 -42 -50 83 93
60 38 99 35 12 31 37 19 72 49 -28 57 17
61 85 92 51 97 15 57 40 38 34 45 28 60
62 25 17 37 98 68 24 -39 -50 14 2 68 66
63 21 54 2 50 84 76 28 87 75 95 -31 81
64 19 88 20 47 83 30 13 85 62 22 -40 6
65 32 61 69 21 17 84 -27 18 -23 49 13 69
66 90 76 23 77 23 65 89 24 -47 80 -17 52
67 20 11 5 24 53 92 -36 -35 27 -7 85 82
68 9 32 75 95 61 31 -41 -35 -32 -35 8 30
69 44 30 74 46 48 28 43 28 70 53 17 14
70 77 59 17 8 26 61 3 -45 -44 51 91 -46
71 52 6 54 52 33 6 80 44 51 23 -32 91
72 88 56 49 100 51 97 40 44 -39 13 -26 90
73 7 87 4 86 69 99 73 4 42 58 9 -20
74 22 94 38 31 24 85 21 32 -41 71 -35 71
