3 75
3241 3012 2906
0 8 45 59 33 19 51 69 45 31 22 8 86
1 92 33 90 30 37 55 -49 -24 48 13 -12 -47
2 82 93 95 32 30 3 93 16 38 51 -25 9
3 31 89 66 83 36 70 -48 17 59 50 17 6
4 80 92 44 44 57 22 -11 33 54 97 14 4
5 95 19 50 42 75 80 76 89 10 35 4 84
6 9 36 38 73 5 19 -41 61 -27 -49 9 -44
7 2 80 24 5 46 60 70 -47 -46 60 52 30
8 14 78 38 75 67 84 -26 -15 69 -41 52 84
9 93 42 77 53 4 56 -8 13 18 -50 92 80
10 81 14 89 58 29 18 0 30 52 -43 60 -2
11 31 73 11 79 20 6 79 39 80 -20 -37 95
12 38 47 96 39 70 47 58 71 -34 63 6 -29
13 12 77 38 12 27 24 15 90 -46 6 -13 -20
14 33 22 67 20 90 66 69 63 -40 -40 -23 -26
15 82 93 27 92 78 72 -4 95 -23 3 77 17
16 86 29 94 49 8 47 -10 18 -36 97 83 82
17 83 33 37 53 24 50 3 72 99 -42 -6 29
18 49 84 37 68 60 78 -6 -13 99 -9 6 75
19 50 6 18 12 39 70 -12 80 45 45 99 -24
20 47 11 76 51 9 6 11 53 17 50 -44 71
21 19 70 20 74 2 1 58 91 -42 54 -2 12
22 26 32 66 48 27 22 46 -28 32 9 4 1
23 80 28 99 67 79 88 -46 -42 -29 66 -42 64
24 64 2 37 19 58 30 93 0 -2 80 68 -33
25 44 14 97 10 65 61 87 93 28 76 -36 83
26 58 53 49 54 77 91 30 21 -22 19 18 47
27 56 70 91 36 46 9 72 3 76 78 55 -37
28 16 58 33 34 84 55 86 62 -17 97 -36 -22
29 61 43 47 100 62 59 30 20 15 -35 87 20
30 55 62 44 31 10 84 83 -13 74 38 52 -3
31 43 93 12 72 18 78 60 47 -33 -46 -29 45
32 36 46 74 79 91 3 4 56 92 16 70 50
33 75 74 90 41 47 42 92 45 -39 85 -37 39
34 73 34 19 42 32 79 2 79 -11 -1 88 19
35 7 72 1 62 13 77 84 -40 64 78 -37 -15
36 86 11 67 60 74 21 16 -16 24 44 22 66
37 12 67 45 44 3 59 13 58 78 -9 73 -44
38 79 70 88 90 59 9 -26 4 7 7 19 99
39 50 69 68 83 91 98 -46 -44 30 -4 -2 77
40 96 22 22 44 63 57 -1 86 93 100 -10 -48
41 27 79 81 44 81 90 95 -26 38 -22 54 48
42 81 56 71 22 1 98 59 -35 51 71 51 49
43 46 53 71 47 5 45 86 -44 89 74 98 49
44 53 82 1 46 19 33 43 -1 62 32 30 4
45 6 35 30 85 60 78 19 -50 1 74 51 17
46 5 74 92 45 48 63 -48 -20 3 6 0 92
47 55 83 68 44 14 56 -1 82 18 44 81 13
48 82 37 78 49 11 77 -37 54 -30 50 -34 16
49 90 99 83 67 67 21 8 22 -29 98 13 54
50 30 9 94 86 4 6 -5 48 70 -15 71 -30
51 12 50 81 83 28 28 -34 61 76 38 -14 28
52 21 12 17 74 74 74 62 -24 100 24 100 59
53 68 53 19 40 53 5 11 98 -31 63 74 100
54 26 54 27 13 28 33 -49 83 15 -4 81 -37
55 15 81 52 17 13 8 73 -8 59 -13 46 10
56 70 81 14 70 41 20 -38 58 25 -48 23 42
57 63 98 99 53 89 56 19 82 -15 -13 -13 -21
58 78 38 90 12 92 36 -22 83 20 44 -22 -28
59 92 34 88 10 10 47 -13 23 -44 -13 77 3
60 73 57 14 97 56 81 11 -13 94 -49 -30 -11
61 21 8 88 5 18 5 64 -5 -24 94 45 83
62 86 27 16 61 31 82 12 -44 -29 6 90 41
63 43 35 83 50 89 58 48 -39 88 14 79 25
64 63 67 70 11 94 93 38 92 48 64 97 46
65 17 64 85 77 56 9 36 15 7 -17 69 68
66 93 46 26 1 17 34 73 -35 47 -4 65 44
67 58 90 42 52 100 95 58 -32 -12 41 -28 -30
68 68 63 35 32 99 91 10 67 -29 81 60 38
69 48 75 11 83 50 15 80 52 64 47 87 22
70 70 83 37 20 77 42 86 1 91 -47 -12 -24
71 55 43 96 95 91 96 35 22 69 -23 -22 77
72 44 86 25 65 78 8 85 -9 11 99 80 89
73 79 89 10 25 23 34 95 32 10 -42 26 64
74 73 24 64 91 53 8 -4 69 96 54 -47 12
